0
1
2
4
5
6
7
8
10
11
12
13
14
15
17
19
20
21
623
22
24
25
27
29
30
33
31
32
34
36
37
38
39
40
41
42
43
44
45
46
48
49
50
51
52
53
54
55
57
58
60
61
62
64
65
66
67
68
70
69
71
72
73
74
75
77
78
79
80
81
82
83
84
85
86
88
89
91
92
95
94
96
97
99
100
101
164
191
102
104
105
107
108
111
112
113
114
115
117
118
119
121
122
123
124
125
128
129
131
132
133
134
135
136
138
139
141
143
144
145
146
147
148
149
150
151
152
153
154
155
156
157
158
159
160
163
165
166
167
170
171
212
215
172
175
176
177
178
180
181
182
183
184
185
189
188
192
193
194
196
197
198
199
200
201
202
203
204
205
206
207
208
209
210
211
213
214
216
217
218
220
222
224
225
226
228
229
231
232
233
234
235
237
238
239
240
241
243
245
246
247
248
249
250
252
254
255
256
257
258
259
260
261
263
265
266
267
268
269
270
271
273
275
276
278
279
280
281
282
285
286
287
288
289
290
291
293
296
297
299
300
301
302
304
310
311
312
313
314
315
317
318
319
321
322
324
325
326
327
328
330
332
333
336
337
338
339
341
342
343
344
345
346
347
349
350
352
353
354
355
356
360
361
362
363
365
367
368
370
371
372
373
374
375
376
377
378
379
380
381
382
383
384
385
386
388
389
390
391
392
393
395
397
398
399
400
401
402
404
405
406
407
408
409
410
411
412
413
414
415
416
418
419
421
422
423
424
425
427
428
429
430
431
432
433
434
435
436
437
438
439
440
441
442
443
444
446
447
448
449
451
453
454
455
456
458
457
459
460
462
463
465
466
467
469
470
471
472
473
474
475
476
477
478
479
480
481
482
483
484
486
487
489
491
492
493
494
495
496
498
500
499
501
502
503
504
505
506
507
508
509
510
511
512
513
514
515
516
517
518
519
520
521
522
523
524
417
525
528
529
530
531
533
534
535
536
537
538
539
541
544
542
543
545
546
547
548
550
549
551
552
553
555
556
557
554
558
560
561
562
563
564
565
566
567
570
572
573
575
578
579
580
581
582
583
584
585
586
587
588
589
591
592
594
595
596
597
598
599
600
601
602
603
604
606
607
608
609
610
611
612
613
614
615
616
617
618
620
621
622
624
625
627
628
630
631
632
633
634
635
636
637
638
639
643
644
645
646
647
648
649
650
651
652
653
654
655
657
697
702
664
709
714
721
719
720
283
724
730
735
737
741
676
693
754
757
758
759
763
658
659
660
661
662
685
663
667
671
672
673
674
675
678
690
694
696
679
681
682
684
687
688
706
707
708
710
712
722
716
723
727
728
729
734
736
739
742
747
749
751
752
753
764
762
765
766
768
770
771
773
774
775
779
780
781
782
784
783
785
788
789
769
791
792
793
794
795
669
670
796
797
799
800
801
803
804
805
806
807
808
809
810
811
812
813
816
817
818
819
820
822
823
824
825
831
833
834
835
836
837
838
840
842
843
844
846
848
849
850
851
852
